 -1.00000000e+01 -3.82143296e+01
 -9.00000000e+00 -3.47000197e+01
 -8.00000000e+00 -3.04917061e+01
 -7.00000000e+00 -2.91720482e+01
 -6.00000000e+00 -1.94925564e+01
 -5.00000000e+00 -1.74944531e+01
 -4.00000000e+00 -1.02064278e+01
 -3.00000000e+00 -2.71847865e+00
 -2.00000000e+00 -1.49611995e+00
 -1.00000000e+00 5.77372821e+00
 0.00000000e+00 1.09400026e+01
 1.00000000e+00 1.47484220e+01
 2.00000000e+00 1.96952936e+01
 3.00000000e+00 2.43675273e+01
 4.00000000e+00 2.96559328e+01
 5.00000000e+00 3.55986748e+01
 6.00000000e+00 4.10726857e+01
 7.00000000e+00 4.52177861e+01
 8.00000000e+00 4.83699447e+01
 9.00000000e+00 5.47265714e+01
 1.00000000e+01 6.10956145e+01
