  -1.0000000e+01  -4.0509055e+01
  -9.0000000e+00  -3.6247242e+01
  -8.0000000e+00  -3.0447437e+01
  -7.0000000e+00  -2.5300027e+01
  -6.0000000e+00  -2.1543930e+01
  -5.0000000e+00  -1.6107054e+01
  -4.0000000e+00  -1.1186107e+01
  -3.0000000e+00  -5.6305986e+00
  -2.0000000e+00  -7.3205896e-01
  -1.0000000e+00   4.2477251e+00
   0.0000000e+00   8.5760478e+00
   1.0000000e+00   1.1667160e+01
   2.0000000e+00   2.0105559e+01
   3.0000000e+00   2.6572771e+01
   4.0000000e+00   2.7544193e+01
   5.0000000e+00   3.5539392e+01
   6.0000000e+00   4.0203459e+01
   7.0000000e+00   4.3811687e+01
   8.0000000e+00   4.6604738e+01
   9.0000000e+00   5.6519259e+01
   1.0000000e+01   5.8218462e+01
